No of Elements = 999
Range = 1 to 100000
Average = 45579.4733391
median = 43253.0277444
max = 99995.1859911
min = 6.42360262825
