No of Elements = 20000
Range = 1 to 100000
Average = 45566.858236455177
median = 43253.0277444
max = 99995.1859911
min = 6.42360262825
