No of Elements = 999
Range = 1 to 100000
Average = 45579.4733391
median = 43350.1858135
max = 99999.4694247
min = 1.06976132184
